PAYOFF MATRICES

>> note: the (food-i,color-j) entry gives the payoff
of food i from matching with color j in its first entry,
and of color j from matching with food i in the second entry

Total number of cardinal treatments (incl. one-sided): 31

___________________________________________________________________________

1/31: baseline:unique-SM [two_aligned]
(Experimental markets: 4)

          color-1     color-2     color-3     color-4     color-5     color-6     color-7     color-8 
food-1    700,  50    200,  50    800,  50    400,  50    100,  50    600,  50    300,  50    500,  50
food-2    700, 150    200, 150    800, 150    400, 150    100, 150    600, 150    300, 150    500, 150
food-3    700, 250    200, 250    800, 250    400, 250    100, 250    600, 250    300, 250    500, 250
food-4    700, 750    200, 750    800, 750    400, 750    100, 750    600, 750    300, 750    500, 750
food-5    700, 450    200, 450    800, 450    400, 450    100, 450    600, 450    300, 450    500, 450
food-6    700, 350    200, 350    800, 350    400, 350    100, 350    600, 350    300, 350    500, 350
food-7    700, 650    200, 650    800, 650    400, 650    100, 650    600, 650    300, 650    500, 650
food-8    700, 550    200, 550    800, 550    400, 550    100, 550    600, 550    300, 550    500, 550

___________________________________________________________________________

2/31: baseline:unique-SM [one_aligned]
(Experimental markets: 4)

          color-1     color-2     color-3     color-4     color-5     color-6     color-7     color-8 
food-1    500, 350    100, 400    600, 450    400, 200    800, 550    300, 150    700, 500    200, 300
food-2    500, 350    100,  50    600, 100    400, 250    800, 500    300, 450    700, 200    200, 100
food-3    500, 200    100, 300    600, 250    400, 350    800, 450    300, 100    700,  50    200, 400
food-4    500, 150    100, 200    600, 150    400, 500    800, 250    300, 400    700, 450    200, 700
food-5    500, 400    100, 150    600,  50    400, 300    800, 200    300, 250    700, 100    200, 350
food-6    500, 100    100, 250    600, 200    400,   0    800, 350    300, 500    700, 300    200,  50
food-7    500, 300    100, 550    600, 350    400, 100    800, 400    300, 200    700, 150    200, 250
food-8    500, 250    100,   0    600, 300    400, 200    800, 100    300,  50    700, 350    200, 150

___________________________________________________________________________

3/31: baseline:unique-SM [egal_matching]
(Experimental markets: 4)

          color-1     color-2     color-3     color-4     color-5     color-6     color-7     color-8 
food-1    300, 300    250, 250    200, 200    250, 150    600, 350    150, 100    100,  50     50,  50
food-2    200, 250    300, 300    350, 400    150, 100    500, 250    250, 250    300, 450    200, 150
food-3    450, 550    400, 500    300, 300    400, 400    200, 150      0,  50    250, 150    400, 100
food-4     50, 100    350, 450    200, 250    300, 300    100, 100    400, 350    150, 100    100,  50
food-5     50, 150    250, 300    400, 500    100, 200    300, 300     50, 150    250, 400    350,   0
food-6    150, 200      0, 100     50, 150    200, 250    400, 200    300, 300    150, 200    200, 200
food-7    100,  50    150, 200     50,  50    400, 350    250,  50    200, 200    300, 300    150,  50
food-8    100, 150    350, 400     50, 100    150, 100    400, 200    100, 100    150,   0    300, 300

___________________________________________________________________________

4/31: baseline:unique-SM [generic_corr-0.9]
(Experimental markets: 4)

          color-1     color-2     color-3     color-4     color-5     color-6     color-7     color-8 
food-1    590, 260    470, 290    350, 340    510, 380    310, 400    550, 320    430, 100    390, 240
food-2    100, 180     20, 210    300, 500     60, 460    220, 480    260, 360    180,  60    140, 120
food-3    200, 340    280, 490     80, 300      0, 180     40, 360    240, 120    120, 180    160, 360
food-4    550, 300    470, 370    350, 540    430, 340    390, 640    510, 200    630, 220    590, 280
food-5    260, 220    100, 250    140, 260    340, 260    300, 600     60,  80    180, 140    220,  80
food-6    210,  60    370, 330    170, 380    330, 420    130, 440     90, 160    290, 340    250, 200
food-7    440, 140    560, 450    400, 460    480, 220    360, 520    520, 280    640, 260    600, 320
food-8    390, 100    470, 410    630, 420    510, 300    590, 560    350, 240    550, 300    430, 160

___________________________________________________________________________

5/31: baseline:unique-SM [generic_corr+0.9]
(Experimental markets: 4)

          color-1     color-2     color-3     color-4     color-5     color-6     color-7     color-8 
food-1    290, 200    410, 300    450, 450    490, 560    250, 340    530, 420    370, 410    330, 190
food-2    420, 440    220, 180    340, 330    260, 360    460, 220    300, 300    500, 490    380, 390
food-3    490, 360    410, 380    330, 250    210, 400    450, 420    250, 340    370, 290    290, 270
food-4    330, 160    450, 420    410, 490    250, 440    210, 260    290, 380    490, 330    370, 230
food-5    300, 280    260, 460    380, 210    420, 480    460, 460    500, 500    220, 210    340, 150
food-6    510, 320    590, 260    430, 290    550, 600    310, 180    390, 260    350, 250    470, 110
food-7    190, 240    230, 220    390, 410    110, 520    270, 380    150, 460    310, 450    350, 350
food-8    400, 400    280, 340    480, 370    240, 640    360, 300    200, 540    320, 370    440, 310

___________________________________________________________________________

6/31: baseline:unique-SM [generic_udif20]
(Experimental markets: 5)

          color-1     color-2     color-3     color-4     color-5     color-6     color-7     color-8 
food-1    280, 160    240, 300    300, 420    340, 310    380, 470    260, 110    360, 570    320, 350
food-2    295, 240    255, 320    275, 440    315, 290    195, 490    215, 130    175, 550    235, 310
food-3    460, 140    520, 360    400, 320    480, 190    540, 510    440, 150    500, 530    420, 430
food-4    280, 220    240, 280    220, 400    300, 270    160, 530    260, 210    180, 610    200, 370
food-5    410, 180    330, 260    470, 380    430, 330    370, 450    390,  90    350, 510    450, 410
food-6    330, 200    410, 340    370, 360    350, 210    310, 430    430, 190    290, 490    390, 390
food-7    450, 260    490, 240    510, 460    430, 250    410, 410    470, 230    390, 470    370, 290
food-8    570, 120    490, 220    510, 340    550, 230    530, 390    590, 170    610, 590    630, 330

___________________________________________________________________________

7/31: baseline:unique-SM [generic_udif70]
(Experimental markets: 5)

          color-1     color-2     color-3     color-4     color-5     color-6     color-7     color-8 
food-1    240,   0    310, 210    520, 240    380, 520     30, 140    170, 290    100, 320    450, 420
food-2    520, 350    170, 280    310, 170    240, 100    450, 420    100, 220     30, 250    380, 350
food-3    360, 490    290, 490    500, 520    220, 240    430,  70    150, 150     80, 180     10,   0
food-4    350, 420    420, 350    210, 310    490, 310    280, 210      0, 570     70, 670    140, 280
food-5    530, 280    460,   0    250, 100    390, 170    180,   0    320,  80    600, 600    670, 140
food-6     70,  70    140, 140    210, 380    350, 450      0, 280    490, 360    420, 530    280, 210
food-7    140, 140    420, 420    350, 450    490, 380    280, 350     70, 430      0, 460    210,  70
food-8    200, 210    270,  70     60,  30    340,  30    480, 490    550, 500    410, 390    130, 490

___________________________________________________________________________

8/31: baseline:4-by-4 [Mkt_1]
(Experimental markets: 5)

          color-1     color-2     color-3     color-4     color-5     color-6     color-7     color-8 
food-1    300, 400    400, 350    250, 250    350, 250     50, 200    100, 150    150,  50    200, 100
food-2    350, 300    400, 250    250, 200    300, 400    100, 150    150,  50    200, 100     50, 200
food-3    250, 250    350, 400    300, 400    400, 350    150,  50    200, 100     50, 200    100, 150
food-4    400, 200    250, 200    350, 300    300, 300    200, 100     50,   0    100, 150    150,  50
food-5      0, 150     50, 100    100,   0    150,  50    300, 500    400, 450    250, 350    350, 350
food-6     50, 100    100,   0    150,  50      0, 150    350, 400    400, 350    250, 300    300, 500
food-7    100,   0    150,  50      0, 150     50, 100    250, 350    350, 500    300, 500    400, 450
food-8    150,  50      0, 150     50, 100    100,   0    400, 300    250, 300    350, 400    300, 400

___________________________________________________________________________

9/31: baseline:4-by-4 [Mkt_2]
(Experimental markets: 9)

          color-1     color-2     color-3     color-4     color-5     color-6     color-7     color-8 
food-1    400, 400    500, 350    350, 250    450, 250     50, 200    100,   0    150,  50    200, 100
food-2    450, 300    500, 250    350, 200    400, 400    100, 150    150,  50    200, 100     50,   0
food-3    350, 250    450, 400    400, 400    500, 350    150,  50    200, 100     50,   0    100, 150
food-4    500, 200    350, 200    450, 300    400, 300    200, 100     50,   0    100, 150    150,  50
food-5      0, 150     50, 100    100,   0    150,  50    300, 400    400, 300    250, 250    350, 200
food-6     50, 100    100,   0    150,  50      0, 150    350, 250    400, 200    250, 200    300, 400
food-7    100,   0    150,  50      0, 150     50, 100    250, 200    350, 400    300, 400    400, 300
food-8    150,  50      0, 150     50, 100    100,   0    400, 150    250, 150    350, 300    300, 250

___________________________________________________________________________

10/31: baseline:4-by-4 [Mkt_3]
(Experimental markets: 9)

          color-1     color-2     color-3     color-4     color-5     color-6     color-7     color-8 
food-1    300, 400    450, 350    250, 250    350, 250     50,   0    100, 150    150,  50    200, 100
food-2    350, 300    400, 250    200, 200    250, 400    100, 150    150,  50      0, 100     50, 200
food-3    150, 250    250, 400    200, 400    350, 350    150,  50      0, 100     50,   0    100, 150
food-4    400, 200    250, 200    350, 300    300, 300    200, 100     50,   0    100, 150    150,  50
food-5      0, 150     50, 100    100,   0    150,  50    300, 400    400, 350    250, 250    350, 250
food-6     50, 100    100,   0    150,  50      0, 150    350, 300    400, 250    250, 200    300, 400
food-7    100,   0    150,  50      0, 150     50, 100    250, 250    350, 400    300, 400    400, 350
food-8    150,  50      0, 150     50, 100    100,   0    400, 200    250, 200    350, 300    300, 300

___________________________________________________________________________

11/31: baseline:4-by-4 [Mkt2_higher_outmarket_payoffs]
(Experimental markets: 4)

          color-1     color-2     color-3     color-4     color-5     color-6     color-7     color-8 
food-1    400, 400    200, 200    450, 250    200, 200    350, 250    200, 200    500, 350    200, 200
food-2    500, 200    200, 200    400, 300    200, 200    450, 300    200, 200    350, 200    200, 200
food-3    200, 200    400, 150    200, 200    350, 300    200, 200    250, 150    200, 200    300, 250
food-4    450, 300    200, 200    400, 400    200, 200    350, 200    200, 200    500, 250    200, 200
food-5    200, 200    350, 250    200, 200    250, 200    200, 200    400, 200    200, 200    300, 400
food-6    350, 250    200, 200    500, 350    200, 200    400, 400    200, 200    450, 400    200, 200
food-7    200, 200    250, 200    200, 200    300, 400    200, 200    350, 400    200, 200    400, 300
food-8    200, 200    300, 400    200, 200    250, 250    200, 200    400, 300    200, 200    350, 200

___________________________________________________________________________

12/31: baseline:4-by-4 [Mkt_3_higher_fruit_payoff]
(Experimental markets: 4)

          color-1     color-2     color-3     color-4     color-5     color-6     color-7     color-8 
food-1     50, 200    500, 400    200, 100    450, 250    150,  50    100,   0    400, 400    350, 250
food-2    200, 250    150,  50    400, 350     50, 100    250, 400    300, 400    100,   0      0, 150
food-3    150,  50    450, 400    100, 150    500, 400     50,   0    200, 100    350, 300    400, 400
food-4    400, 200      0, 100    300, 300    100,   0    350, 300    250, 200    150,  50     50, 100
food-5    300, 400     50, 100    350, 250    150,  50    250, 250    400, 350      0, 150    100,   0
food-6    350, 300    100,   0    300, 400      0, 150    250, 200    400, 250     50, 100    150,  50
food-7    200, 100    350, 200    150,  50    400, 300    100, 150     50,   0    500, 250    450, 300
food-8    100, 150    500, 350     50,   0    400, 450    200, 100    150,  50    450, 350    350, 200

___________________________________________________________________________

13/31: baseline:4-by-4 [Mkt_3_higher_color_payoff]
(Experimental markets: 4)

          color-1     color-2     color-3     color-4     color-5     color-6     color-7     color-8 
food-1    300, 500    100,   0    400, 350      0, 150    350, 400    150,  50     50, 100    250, 300
food-2     50, 200    400, 250    150,  50    300, 400    100, 150    250, 200    350, 300    200, 100
food-3    300, 400      0, 150    250, 300    100,   0    400, 300     50, 100    150,  50    350, 400
food-4    200, 100    400, 350    100, 150    350, 250     50, 200    250, 250    300, 400    150,  50
food-5    350, 350     50, 100    400, 450    150,  50    300, 500    100,   0      0, 150    250, 350
food-6    100, 150    350, 400    200, 100    400, 350    150,  50    300, 400    250, 250     50, 200
food-7    400, 450    150,  50    350, 500     50, 100    250, 350      0, 150    100,   0    300, 500
food-8    150,  50    250, 200     50,   0    300, 300    200, 100    350, 300    400, 200    100, 150

___________________________________________________________________________

14/31: baseline:5-SMs [20-20shift]
(Experimental markets: 5)

          color-1     color-2     color-3     color-4     color-5     color-6     color-7     color-8 
food-1    500, 350    480, 310    460, 440    440, 340    400, 390    420, 390    540, 290    520, 380
food-2    470, 330    450, 350    490, 320    350, 380    390, 370    370, 370    410, 310    430, 420
food-3    510, 270    490, 250    430, 380    450, 300    570, 430    550, 450    530, 370    470, 340
food-4    510, 250    490, 230    430, 420    550, 400    530, 490    570, 410    470, 270    450, 320
food-5    510, 310    410, 370    390, 340    470, 320    450, 450    370, 490    490, 330    430, 360
food-6    460, 290    440, 290    500, 400    520, 360    380, 470    480, 470    420, 410    400, 440
food-7    430, 370    490, 330    510, 300    390, 420    370, 510    470, 350    450, 350    410, 300
food-8    460, 390    440, 270    520, 360    480, 440    540, 410    400, 430    420, 390    500, 400

___________________________________________________________________________

15/31: baseline:5-SMs [20-20]
(Experimental markets: 5)

          color-1     color-2     color-3     color-4     color-5     color-6     color-7     color-8 
food-1    310, 410    390, 330    370, 300    330, 360    290, 340    350, 410    410, 310    270, 470
food-2    380, 350    440, 290    340, 320    420, 380    360, 440    300, 350    400, 350    320, 370
food-3    390, 270    370, 270    450, 380    350, 320    330, 420    430, 450    410, 250    470, 390
food-4    340, 330    320, 410    420, 340    300, 440    400, 400    280, 430    360, 290    380, 450
food-5    350, 390    310, 310    250, 360    330, 420    390, 320    290, 330    370, 330    270, 350
food-6    390, 370    350, 350    290, 400    310, 300    410, 300    270, 470    330, 370    370, 330
food-7    340, 310    320, 390    380, 420    400, 400    420, 360    440, 370    360, 390    300, 410
food-8    390, 290    430, 370    350, 280    370, 340    330, 380    470, 390    410, 270    450, 430

___________________________________________________________________________

16/31: baseline:5-SMs [70-20]
(Experimental markets: 5)

          color-1     color-2     color-3     color-4     color-5     color-6     color-7     color-8 
food-1    340, 170    380, 540    400, 400    420, 260    440, 310    300, 380    320, 490    360, 490
food-2    390, 380    290, 470    310,  50    410,  50    270, 660    370, 100    350, 350    330, 420
food-3    390, 240    470, 260    350, 540    450, 400    330, 520    430, 520    370, 560    410, 140
food-4    390,  30    450, 400    350, 120    330, 470    430, 590    470, 310    370,  70    410,   0
food-5    350, 450    250, 330    330, 470    390, 120    290, 170    270, 170    310, 210    370, 280
food-6    390, 100    350,  50    370, 190    330, 330    470, 380    450, 450    430, 420    410,  70
food-7    380, 310    340, 190    420, 330    360, 540    300, 240    320, 240    440, 140    400, 350
food-8    310, 520    370, 120    330, 260    290, 190    350, 450    270, 590    390, 280    410, 210

___________________________________________________________________________

17/31: baseline:5-SMs [70-70]
(Experimental markets: 5)

          color-1     color-2     color-3     color-4     color-5     color-6     color-7     color-8 
food-1    330, 310    540, 140    190, 190    400, 350     50, 240    120, 240    470, 330    260, 540
food-2    240, 100    380, 420    100,  50    310,  70    520, 380    450, 450    170, 190     30, 330
food-3    240, 240    170, 560    520, 260    310, 140     30, 520    380, 520    100, 540    450, 400
food-4    350, 450    210, 210      0, 330    420, 280    140, 170     70, 170    280, 470    490, 120
food-5    190, 170    120, 490    330, 540    260, 490    540, 310     50, 380    400, 400    470, 260
food-6    210, 520    490, 280    420, 120    560, 210    350, 450     70, 590    280, 260    140, 190
food-7    240,  30    170,  70    450, 400    310,   0    380, 590    520, 310    100, 120     30, 470
food-8    490, 380    350, 350    140, 470    280, 420     70, 660    420, 100    210,  50    560,  50

___________________________________________________________________________

18/31: 1-sided:unique-SM [generic_udif20]
(Experimental markets: 5)

          color-1     color-2     color-3     color-4     color-5     color-6     color-7     color-8 
food-1    280, 160    240, 300    300, 420    340, 310    380, 470    260, 110    360, 570    320, 350
food-2    295, 240    255, 320    275, 440    315, 290    195, 490    215, 130    175, 550    235, 310
food-3    460, 140    520, 360    400, 320    480, 190    540, 510    440, 150    500, 530    420, 430
food-4    280, 220    240, 280    220, 400    300, 270    160, 530    260, 210    180, 610    200, 370
food-5    410, 180    330, 260    470, 380    430, 330    370, 450    390,  90    350, 510    450, 410
food-6    330, 200    410, 340    370, 360    350, 210    310, 430    430, 190    290, 490    390, 390
food-7    450, 260    490, 240    510, 460    430, 250    410, 410    470, 230    390, 470    370, 290
food-8    570, 120    490, 220    510, 340    550, 230    530, 390    590, 170    610, 590    630, 330

___________________________________________________________________________

19/31: 1-sided:unique-SM [generic_udif70]
(Experimental markets: 4)

          color-1     color-2     color-3     color-4     color-5     color-6     color-7     color-8 
food-1    240,   0    310, 210    520, 240    380, 520     30, 140    170, 290    100, 320    450, 420
food-2    520, 350    170, 280    310, 170    240, 100    450, 420    100, 220     30, 250    380, 350
food-3    360, 490    290, 490    500, 520    220, 240    430,  70    150, 150     80, 180     10,   0
food-4    350, 420    420, 350    210, 310    490, 310    280, 210      0, 570     70, 670    140, 280
food-5    530, 280    460,   0    250, 100    390, 170    180,   0    320,  80    600, 600    670, 140
food-6     70,  70    140, 140    210, 380    350, 450      0, 280    490, 360    420, 530    280, 210
food-7    140, 140    420, 420    350, 450    490, 380    280, 350     70, 430      0, 460    210,  70
food-8    200, 210    270,  70     60,  30    340,  30    480, 490    550, 500    410, 390    130, 490

___________________________________________________________________________

20/31: 1-sided:4-by-4 [Mkt_1]
(Experimental markets: 5)

          color-1     color-2     color-3     color-4     color-5     color-6     color-7     color-8 
food-1    300, 400    400, 350    250, 250    350, 250     50, 200    100, 150    150,  50    200, 100
food-2    350, 300    400, 250    250, 200    300, 400    100, 150    150,  50    200, 100     50, 200
food-3    250, 250    350, 400    300, 400    400, 350    150,  50    200, 100     50, 200    100, 150
food-4    400, 200    250, 200    350, 300    300, 300    200, 100     50,   0    100, 150    150,  50
food-5      0, 150     50, 100    100,   0    150,  50    300, 500    400, 450    250, 350    350, 350
food-6     50, 100    100,   0    150,  50      0, 150    350, 400    400, 350    250, 300    300, 500
food-7    100,   0    150,  50      0, 150     50, 100    250, 350    350, 500    300, 500    400, 450
food-8    150,  50      0, 150     50, 100    100,   0    400, 300    250, 300    350, 400    300, 400

___________________________________________________________________________

21/31: 1-sided:4-by-4 [Mkt_2]
(Experimental markets: 5)

          color-1     color-2     color-3     color-4     color-5     color-6     color-7     color-8 
food-1    400, 400    500, 350    350, 250    450, 250     50, 200    100,   0    150,  50    200, 100
food-2    450, 300    500, 250    350, 200    400, 400    100, 150    150,  50    200, 100     50,   0
food-3    350, 250    450, 400    400, 400    500, 350    150,  50    200, 100     50,   0    100, 150
food-4    500, 200    350, 200    450, 300    400, 300    200, 100     50,   0    100, 150    150,  50
food-5      0, 150     50, 100    100,   0    150,  50    300, 400    400, 300    250, 250    350, 200
food-6     50, 100    100,   0    150,  50      0, 150    350, 250    400, 200    250, 200    300, 400
food-7    100,   0    150,  50      0, 150     50, 100    250, 200    350, 400    300, 400    400, 300
food-8    150,  50      0, 150     50, 100    100,   0    400, 150    250, 150    350, 300    300, 250

___________________________________________________________________________

22/31: 1-sided:4-by-4 [Mkt_3]
(Experimental markets: 5)

          color-1     color-2     color-3     color-4     color-5     color-6     color-7     color-8 
food-1    300, 400    450, 350    250, 250    350, 250     50,   0    100, 150    150,  50    200, 100
food-2    350, 300    400, 250    200, 200    250, 400    100, 150    150,  50      0, 100     50, 200
food-3    150, 250    250, 400    200, 400    350, 350    150,  50      0, 100     50,   0    100, 150
food-4    400, 200    250, 200    350, 300    300, 300    200, 100     50,   0    100, 150    150,  50
food-5      0, 150     50, 100    100,   0    150,  50    300, 400    400, 350    250, 250    350, 250
food-6     50, 100    100,   0    150,  50      0, 150    350, 300    400, 250    250, 200    300, 400
food-7    100,   0    150,  50      0, 150     50, 100    250, 250    350, 400    300, 400    400, 350
food-8    150,  50      0, 150     50, 100    100,   0    400, 200    250, 200    350, 300    300, 300

___________________________________________________________________________

23/31: 1-sided:4-by-4 [Mkt_3_higher_color_payoff]
(Experimental markets: 4)

          color-1     color-2     color-3     color-4     color-5     color-6     color-7     color-8 
food-1    300, 500    100,   0    400, 350      0, 150    350, 400    150,  50     50, 100    250, 300
food-2     50, 200    400, 250    150,  50    300, 400    100, 150    250, 200    350, 300    200, 100
food-3    300, 400      0, 150    250, 300    100,   0    400, 300     50, 100    150,  50    350, 400
food-4    200, 100    400, 350    100, 150    350, 250     50, 200    250, 250    300, 400    150,  50
food-5    350, 350     50, 100    400, 450    150,  50    300, 500    100,   0      0, 150    250, 350
food-6    100, 150    350, 400    200, 100    400, 350    150,  50    300, 400    250, 250     50, 200
food-7    400, 450    150,  50    350, 500     50, 100    250, 350      0, 150    100,   0    300, 500
food-8    150,  50    250, 200     50,   0    300, 300    200, 100    350, 300    400, 200    100, 150

___________________________________________________________________________

24/31: 1-sided:5-SMs [20-20shift]
(Experimental markets: 5)

          color-1     color-2     color-3     color-4     color-5     color-6     color-7     color-8 
food-1    500, 350    480, 310    460, 440    440, 340    400, 390    420, 390    540, 290    520, 380
food-2    470, 330    450, 350    490, 320    350, 380    390, 370    370, 370    410, 310    430, 420
food-3    510, 270    490, 250    430, 380    450, 300    570, 430    550, 450    530, 370    470, 340
food-4    510, 250    490, 230    430, 420    550, 400    530, 490    570, 410    470, 270    450, 320
food-5    510, 310    410, 370    390, 340    470, 320    450, 450    370, 490    490, 330    430, 360
food-6    460, 290    440, 290    500, 400    520, 360    380, 470    480, 470    420, 410    400, 440
food-7    430, 370    490, 330    510, 300    390, 420    370, 510    470, 350    450, 350    410, 300
food-8    460, 390    440, 270    520, 360    480, 440    540, 410    400, 430    420, 390    500, 400

___________________________________________________________________________

25/31: 1-sided:5-SMs [70-20]
(Experimental markets: 5)

          color-1     color-2     color-3     color-4     color-5     color-6     color-7     color-8 
food-1    340, 170    380, 540    400, 400    420, 260    440, 310    300, 380    320, 490    360, 490
food-2    390, 380    290, 470    310,  50    410,  50    270, 660    370, 100    350, 350    330, 420
food-3    390, 240    470, 260    350, 540    450, 400    330, 520    430, 520    370, 560    410, 140
food-4    390,  30    450, 400    350, 120    330, 470    430, 590    470, 310    370,  70    410,   0
food-5    350, 450    250, 330    330, 470    390, 120    290, 170    270, 170    310, 210    370, 280
food-6    390, 100    350,  50    370, 190    330, 330    470, 380    450, 450    430, 420    410,  70
food-7    380, 310    340, 190    420, 330    360, 540    300, 240    320, 240    440, 140    400, 350
food-8    310, 520    370, 120    330, 260    290, 190    350, 450    270, 590    390, 280    410, 210

___________________________________________________________________________

26/31: 1-sided:5-SMs [70-70]
(Experimental markets: 5)

          color-1     color-2     color-3     color-4     color-5     color-6     color-7     color-8 
food-1    330, 310    540, 140    190, 190    400, 350     50, 240    120, 240    470, 330    260, 540
food-2    240, 100    380, 420    100,  50    310,  70    520, 380    450, 450    170, 190     30, 330
food-3    240, 240    170, 560    520, 260    310, 140     30, 520    380, 520    100, 540    450, 400
food-4    350, 450    210, 210      0, 330    420, 280    140, 170     70, 170    280, 470    490, 120
food-5    190, 170    120, 490    330, 540    260, 490    540, 310     50, 380    400, 400    470, 260
food-6    210, 520    490, 280    420, 120    560, 210    350, 450     70, 590    280, 260    140, 190
food-7    240,  30    170,  70    450, 400    310,   0    380, 590    520, 310    100, 120     30, 470
food-8    490, 380    350, 350    140, 470    280, 420     70, 660    420, 100    210,  50    560,  50

___________________________________________________________________________

27/31: large:unique-SM [one_aligned]
(Experimental markets: 3)

           color-1     color-2     color-3     color-4     color-5     color-6     color-7     color-8     color-9     color-10    color-11    color-12    color-13    color-14    color-15
food-1     700, 200    150, 200    300, 850    600, 500    550, 650    100, 500    400, 500    750, 500    500, 850    800, 500    250, 500    650, 500    200, 500    450, 500    350, 600
food-2     700, 800    150, 800    300, 500    600, 600    550, 700    100, 200    400, 600    750, 600    500, 500    800, 600    250, 200    650, 200    200, 600    450, 200    350, 800
food-3     700, 450    150, 450    300, 400    600, 350    550, 300    100, 250    400, 350    750, 350    500, 400    800, 350    250, 250    650, 250    200, 350    450, 250    350, 450
food-4     700, 400    150, 400    300, 600    600, 850    550, 500    100, 550    400, 850    750, 850    500, 650    800, 850    250, 150    650, 150    200, 850    450, 150    350, 400
food-5     700, 500    150, 500    300, 750    600, 550    550, 250    100, 350    400, 550    750, 550    500, 200    800, 550    250, 350    650, 350    200, 550    450, 350    350, 500
food-6     700, 150    150, 600    300, 150    600, 300    550, 350    100, 400    400, 300    750, 300    500, 300    800, 300    250, 400    650, 400    200, 300    450, 400    350, 150
food-7     700, 550    150, 550    300, 700    600, 750    550, 800    100, 450    400, 750    750, 750    500, 700    800, 750    250, 450    650, 450    200, 750    450, 450    350, 550
food-8     700, 300    150, 300    300, 250    600, 200    550, 450    100, 700    400, 200    750, 200    500, 450    800, 200    250, 700    650, 700    200, 200    450, 700    350, 300
food-9     700, 600    150, 150    300, 200    600, 250    550, 150    100, 150    400, 250    750, 250    500, 150    800, 250    250, 550    650, 550    200, 250    450, 550    350, 200
food-10    700, 250    150, 650    300, 650    600, 700    550, 200    100, 600    400, 700    750, 700    500, 600    800, 700    250, 600    650, 600    200, 700    450, 600    350, 650
food-11    700, 650    150, 250    300, 300    600, 450    550, 400    100, 650    400, 450    750, 450    500, 550    800, 450    250, 650    650, 650    200, 150    450, 650    350, 250
food-12    700, 850    150, 850    300, 550    600, 800    550, 750    100, 300    400, 800    750, 800    500, 800    800, 800    250, 300    650, 300    200, 800    450, 300    350, 850
food-13    700, 700    150, 700    300, 350    600, 650    550, 600    100, 750    400, 150    750, 650    500, 350    800, 650    250, 750    650, 750    200, 650    450, 750    350, 350
food-14    700, 350    150, 350    300, 450    600, 400    550, 550    100, 800    400, 400    750, 400    500, 250    800, 400    250, 800    650, 800    200, 400    450, 800    350, 700
food-15    700, 750    150, 750    300, 800    600, 150    550, 850    100, 850    400, 650    750, 150    500, 750    800, 150    250, 850    650, 850    200, 450    450, 850    350, 750

___________________________________________________________________________

28/31: large:unique-SM [one_aligned_w_egal_unstale_matching]
(Experimental markets: 2)

           color-1     color-2     color-3     color-4     color-5     color-6     color-7     color-8     color-9     color-10    color-11    color-12    color-13    color-14    color-15
food-1     650, 350    700, 210    400, 400    250, 350    600, 330    420, 500    150, 500    480, 350    100, 350    550, 250    200, 550    750, 450    500, 200    450, 500    800, 100
food-2     600, 200    620, 450    460, 500    440, 200    580, 600    480, 800    400, 400    520, 200    380, 200    560, 700    420, 600    640, 180    540, 280    500, 600    660,  50
food-3     800, 250    850, 180    470, 750    430, 250    750, 350    500, 450    350, 450    600, 250    300, 250    700, 300    400, 400    900,  50    650, 150    550, 350    950, 150
food-4     380, 230    400, 400    170, 250    140, 600    370, 280    210, 350     80, 700    270, 180     50, 750    340, 380    110, 650    750, 310    310, 350    240, 150    800,  70
food-5     650, 280    700, 280    180, 200    150, 180    400, 400    210, 250     80, 250    280, 280     50, 650    350, 200    110, 150    750,  80    310, 180    250, 430    800, 230
food-6     700, 380    750, 100    300,  50    230, 300    650, 300    400, 400    100, 600    500, 380     50, 550    600, 350    150, 300    800, 430    550, 300    450, 300    850, 330
food-7     650, 330    700, 140    200, 650    170, 280    600, 480    230, 650    100, 650    330, 510     50, 600    400, 400    130, 700    750, 330    370, 430    300, 700    800,  80
food-8     300, 180    350, 180    140, 350    120, 650    260, 450    160, 700     80, 350    200, 600     60, 800    240, 480    100, 350    400, 400    220, 250    180, 750    800, 210
food-9     650, 490    700, 380    200, 100    170, 500    600, 250    250, 200    100, 150    350, 480     50, 150    550, 150    130, 250    750, 380    400, 400    300, 250    800, 430
food-10    400, 400    700, 160    180, 150    150, 550    380, 200    210, 300     80, 300    280, 550     50, 700    340, 450    110, 200    750, 200    310, 430    250, 200    800, 120
food-11    550, 460    600, 120    300, 850    250, 470    500, 180    330, 600    150, 200    400, 400    100, 500    470, 550    200, 500    650, 280    430, 850    370, 470    700, 280
food-12    300, 550    330, 230    160, 800    140, 700    280, 150    180, 750    100, 750    220, 850     80, 850    260, 850    120, 450    370, 150    240, 750    200, 650    400, 400
food-13    650, 300    700, 500    450, 550    400, 400    600, 800    500, 850    200, 850    540, 700    100, 300    580, 750    300, 800    750, 500    560, 800    520, 800    800, 250
food-14    530, 430    570, 330    300, 700    250, 430    500, 500    350, 550    150, 550    420, 450    100, 450    460, 800    200, 750    650, 230    440, 700    400, 400    800, 370
food-15    640, 150    660, 600    500, 600    480, 150    620, 850    520, 150    420, 800    560, 750    400, 400    600, 500    460, 850    680, 550    580, 650    540, 850    700, 510

___________________________________________________________________________

29/31: large:unique-SM [generic_non_aligned]
(Experimental markets: 3)

           color-1     color-2     color-3     color-4     color-5     color-6     color-7     color-8     color-9     color-10    color-11    color-12    color-13    color-14    color-15
food-1     460, 570    130, 625    625, 240    735, 405    680,  20    295, 570    570,  20    405, 240    240, 570    790, 295    185, 570     75, 405    515, 240    350, 405     20, 405
food-2     570, 240    240, 570     20, 515    790,  20    680, 735    515, 130     75, 460    735, 130    405, 240    130, 570    460, 515    185,  20    295,  20    625,  20    350, 240
food-3     405, 350    680, 460    790,  20    570, 350    240, 570    515, 185    625,  75    350, 460     20,  20    460, 350    185, 625    295, 790    735, 680    130, 790     75, 130
food-4     515, 185    185,  75    240, 405    570, 130     20, 515    625, 350    405, 570    735, 405    350,  75    460, 405    295, 350    130, 515    790, 130    680, 460     75, 680
food-5     625,  20     75, 185    350, 570    515, 240    680,  75    240, 790    405, 790     20, 680    130, 790    735, 460    570,  75    185, 735    790, 295    460, 240    295, 735
food-6     130, 790    295, 790    350, 735     75, 790    515, 405     20, 240    240, 625    625, 350    735, 680    185, 515    790, 460    570, 240    460, 460    405, 735    680, 350
food-7     185, 460    350, 240    515, 680    405, 295     75, 790    680,  20    735, 350     20, 625    460, 130    130,  75    570, 240    790, 350    625, 185    240, 130    295,  20
food-8     735, 680    680,  20     20, 350    240, 515     75, 295    295, 735    405, 680    515,  75    350, 735    790, 240    460, 295    625, 185    185, 570    570, 680    130, 185
food-9      75, 405    405, 405    790, 130    130, 625    460, 130    680, 625    240, 735    515, 295    570, 405     20, 185    185, 735    350, 460    735, 350    295, 295    625,  75
food-10    185, 735    735, 680    790, 295    460, 460    130, 625     75, 295    350, 405     20, 570    625, 185    240, 680    515, 130    570, 295    405, 790    680, 350    295, 790
food-11    240, 515    515, 350    130, 790    185, 570    460, 350    570, 515    680, 295     75, 185    405, 625    790,  20    625,  20    735, 625     20, 405    350, 515    295, 570
food-12    625, 130     75, 130    350,  75    460,  75    570, 240    185, 405    515, 185     20, 790    790, 295    240, 625    680, 405    405,  75    130,  75    295, 570    735, 515
food-13    790, 295    570, 295    405, 460    295, 735    460, 460    130, 680    680, 240    735, 515    185, 515     20, 790    350, 790    625, 570    240, 515    515, 185     75, 625
food-14    790,  75    295, 735    735, 625    625, 185    460, 185    240, 460    405, 130    350, 735    680, 350     75, 735    570, 185     20, 680    130, 735    185,  75    515, 460
food-15    240, 625     20, 515    625, 185    405, 680    295, 680    515,  75    130, 515    350,  20     75, 460    790, 130    680, 680    735, 130    570, 625    185, 625    460, 295

___________________________________________________________________________

30/31: large:3-SPs [all_3_SPrs]
(Experimental markets: 2)

           color-1       color-2       color-3       color-4       color-5       color-6       color-7       color-8       color-9       color-10      color-11      color-12      color-13      color-14      color-15  
food-1     1000,  440      20,   90     790,  160     860,  370     160,  860     440,   20     230,  580      90,  580     720,  790     370,  860     580,  230     510,  930     650,  300     300,   90     930,  510
food-2      230,  650     790,  300     580,  720     300,  790     650,  230      90,  440     440,  860     370,  790    1000,  370     160,  650     720,   20     510,  300     860,   90     930,  440      20,  440
food-3     1000,  510     370,  860     160, 1000     930,  510     510,  580     650,  230     440,  790      20,  300     230,  580     790,  790     300,  790     720,  440     580,  930      90, 1000     860,  370
food-4      860,  580     790,  230     300,  790      90,  580     720,  790     930,   90     230,  650     650,   90    1000,  160      20,  440     160,  650     440,   20     370,  860     510,  860     580,  300
food-5      580,  300      20,  440     930,  440     440,  930     230,  650     790,  160     720,  720     370,  930    1000,  300     860,   20     510,  860     650,   90      90,  370     300,  580     160,  160
food-6      720,  160     930,  510    1000,   90     860,  440      20,   20     300,  860      90,   90     160,  650     440,  930     230,  720     510,  160     370,  860     580,  230     790,  230     650,  790
food-7      580,  790      20,  650     720,  300     510,  300     370,  930     230,  720     790,   20     650,  160     160,  720     300,  580      90,  580     930,  160     860,  510    1000,   20     440,  230
food-8      790,   20      90, 1000     230,  650     510,  860    1000,  440     930,  510     370,  510     720,  720     440, 1000     650,  300     860,  370      20,  230     580,  440     160,  650     300, 1000
food-9      230,  720    1000,   20     510,  860      20,   20     930,  510     370, 1000     160, 1000     650,  230     580,  440     860,  370     790,   90     440, 1000     300,  720     720,  720      90,   90
food-10     230,  860    1000,  160      90,  510     720,  720     930,  370     440,  580     370,  930     860,  510      20,  230     510,  930     300,  930     650,  370     580,  160     160,  790     790,   20
food-11     370, 1000     440,  580     930,  370     160,  650     230,  720     720,  790     580,  230     510,  860    1000,   20     650,  230     790,  300     860,  580      90,  580     300,  930      20,  580
food-12     580,  930    1000,  370     160,  930     720,  230     440, 1000     650,  300     860,  370      20,  370     230,  860     930,  510     370,  510      90,  650     790,  790     510,  510     300,  860
food-13     440,  370     370,  930     650,  230     510,   90    1000,   90     230,  650     860,  440     790,  440     160,  650     300,   90     580,  720     930,  510      20,  650     720,  160      90,  650
food-14     650,   90     300,  720     720,   20      90, 1000     930,  300     370,  930     510,  300     160, 1000     860,  510    1000,  160      20, 1000     580,  790     790,   20     440,  300     230,  720
food-15     720,  230     650,  790     160,  580     580,  160     790,  160    1000,  370     230,  160     860,   20      90,   90     300, 1000     930,  440      20,  720     370, 1000     510,  370     440,  930

___________________________________________________________________________

31/31: large:3-SPs [3_or_2_SPrs_avg_2.87]
(Experimental markets: 2)

           color-1       color-2       color-3       color-4       color-5       color-6       color-7       color-8       color-9       color-10      color-11      color-12      color-13      color-14      color-15  
food-1      300,  790     370,  860     650,   90     230,  650     510,  860     930,   90     580,  300      20,  440     720,  790     860,  580     440,   20     160,  650    1000,  160      90,  580     790,  230
food-2      650,  230      20,  650     790,  440     860,  440     720,  160     230,  650      90,  650     300,   90    1000,   90     440,  370     930,  510     580,  720     160,  650     510,   90     370,  930
food-3       90,  510     580,  160     860,  510     370,  930     160,  790     440,  580     790,   20     510,  930     930,  370     230,  860     650,  370     300,  930      20,  230     720,  720    1000,  160
food-4      160,  930     790,  790      20,  370     860,  370     510,  510     650,  300     300,  860     930,  510     440, 1000     580,  930      90,  650     370,  510     230,  860     720,  230    1000,  370
food-5      930,  370      90,  580     510,  860     580,  230     300,  930     720,  790      20,  580     650,  230     230,  720     370, 1000     860,  580     790,  300    1000,   20     160,  650     440,  580
food-6      720,   20     790,   20     160, 1000     510,  300     440,  300     370,  930     230,  720    1000,  160     930,  300     650,   90     580,  790      20, 1000     860,  510      90, 1000     300,  720
food-7      230,  650     580,  440     720,  720     370,  510     160,  650     930,  510     300, 1000     650,  300    1000,  440     790,   20      20,  230     860,  370     440, 1000     510,  860      90, 1000
food-8      580,  720     860,   90     370,  790     440,  860     930,  440      90,  440      20,  440     160,  650     650,  230     230,  650     510,  300     720,   20    1000,  370     300,  790     790,  300
food-9      160, 1000     580,  930      20,  300     440,  790      90, 1000     650,  230     860,  370     790,   79     510,  580    1000,  510     720,  440     300,  790     230,  580     930,  510     370,  860
food-10    1000,   90     580,  230     160,  650      90,   90     790,  230     300,  860     650,  790     230,  720      20,   20     720,  160     370,  860     510,  160     440,  930     860,  440     930,  510
food-11     720,  300     860,  510     650,  160     790,   20    1000,   20     230,  720     440,  230     300,  580     370,  930     580,  790     930,  160      90,  580     160,  720     510,  300      20,  650
food-12     790,  160     650,  300      90,  580     230,  580     300,   90     440,   20     930,  510     370,  860     160,  860    1000,  440     510,  930     580,  230     720,  790     860,  370      20,   90
food-13     510,  860     300,  720     650,  230     160, 1000     720,  720     370, 1000      90,   90     860,  370     930,  510     230,  720     440, 1000     790,   90     580,  440      20,   20    1000,   20
food-14     160,  580     370, 1000     860,   20     230,  160     510,  370    1000,  370     440,  930     300, 1000     790,  160     720,  230      20,  720     930,  440      90,   90     580,  160     650,  790
food-15     930,  440      90,  370     370,  930     720,  720     300,  580     790,  160     160,  160     860,   20     230,  650     580,  300     650,   90     510,  860    1000,  300     440,  930      20,  440

___________________________________________________________________________

